1	3	1
1	20	1
1	26	1
1	31	1
1	33	1
1	49	1
1	50	1
1	53	1
1	54	1
1	55	1
1	63	1
1	65	1
1	67	1
1	68	1
1	89	1
1	90	1
1	92	1
1	94	1
1	110	1
2	5	1
2	7	1
2	8	1
2	9	1
2	10	1
2	18	1
2	19	1
2	22	1
2	33	1
2	41	1
2	42	1
2	43	1
2	44	1
2	45	1
2	46	1
2	49	1
2	50	1
2	60	1
2	64	1
2	66	1
2	69	1
2	70	1
2	71	1
2	78	1
2	79	1
2	80	1
2	84	1
2	87	1
2	88	1
2	96	1
2	98	1
2	99	1
2	103	1
3	4	1
3	10	1
3	28	1
3	33	1
3	40	1
3	42	1
3	44	1
3	45	1
3	46	1
3	51	1
3	59	1
3	63	1
3	76	1
3	90	1
3	97	1
4	5	1
4	6	1
4	10	1
4	27	1
4	46	1
4	50	1
4	55	1
4	58	1
4	60	1
4	61	1
4	63	1
4	64	1
4	65	1
4	66	1
4	67	1
4	68	1
4	69	1
4	70	1
4	71	1
4	73	1
4	75	1
4	81	1
4	86	1
4	87	1
4	88	1
4	90	1
4	91	1
4	92	1
4	93	1
4	94	1
4	100	1
4	108	1
4	110	1
5	6	1
5	9	1
5	14	1
5	17	1
5	27	1
5	33	1
5	41	1
5	42	1
5	44	1
5	51	1
5	53	1
5	54	1
5	55	1
5	56	1
5	58	1
5	59	1
5	60	1
5	61	1
5	62	1
5	63	1
5	64	1
5	65	1
5	66	1
5	67	1
5	68	1
5	69	1
5	70	1
5	71	1
5	73	1
5	78	1
5	83	1
5	87	1
5	88	1
5	90	1
5	91	1
5	93	1
5	94	1
5	106	1
5	108	1
6	8	1
6	14	1
6	27	1
6	33	1
6	41	1
6	49	1
6	54	1
6	60	1
6	62	1
6	70	1
6	76	1
6	89	1
7	17	1
7	19	1
7	20	1
7	26	1
7	49	1
7	55	1
7	60	1
7	65	1
7	67	1
7	74	1
7	79	1
7	80	1
7	99	1
8	11	1
8	33	1
8	34	1
8	40	1
8	44	1
8	56	1
8	61	1
8	62	1
8	75	1
8	85	1
8	98	1
8	99	1
8	103	1
8	111	1
9	10	1
9	11	1
9	22	1
9	27	1
9	41	1
9	42	1
9	44	1
9	45	1
9	46	1
9	49	1
9	51	1
9	60	1
9	61	1
9	63	1
9	64	1
9	65	1
9	69	1
9	70	1
9	71	1
9	73	1
9	75	1
9	78	1
9	79	1
9	81	1
9	87	1
9	89	1
9	98	1
9	99	1
10	14	1
10	15	1
10	17	1
10	42	1
10	44	1
10	45	1
10	46	1
10	50	1
10	51	1
10	53	1
10	54	1
10	58	1
10	62	1
10	63	1
10	85	1
10	88	1
10	89	1
10	90	1
10	92	1
10	93	1
10	94	1
10	100	1
10	101	1
10	102	1
11	14	1
11	15	1
11	22	1
11	51	1
11	54	1
11	59	1
11	62	1
11	68	1
11	70	1
11	75	1
11	81	1
11	87	1
11	89	1
11	103	1
12	33	1
12	89	1
13	14	1
14	15	1
14	20	1
14	34	1
14	37	1
14	45	1
14	46	1
14	51	1
14	53	1
14	54	1
14	59	1
14	62	1
14	63	1
14	85	1
14	87	1
14	88	1
14	89	1
14	92	1
15	38	1
15	45	1
16	47	1
17	18	1
17	45	1
17	46	1
17	50	1
17	51	1
17	55	1
17	57	1
17	58	1
17	60	1
17	61	1
17	64	1
17	65	1
17	66	1
17	67	1
17	68	1
17	69	1
17	70	1
17	71	1
17	82	1
17	87	1
17	88	1
17	90	1
17	91	1
17	93	1
17	94	1
17	101	1
18	33	1
18	50	1
18	52	1
18	54	1
18	55	1
18	57	1
18	58	1
18	60	1
18	61	1
18	64	1
18	65	1
18	66	1
18	67	1
18	68	1
18	69	1
18	70	1
18	71	1
18	78	1
18	79	1
18	84	1
18	87	1
18	90	1
18	91	1
18	92	1
18	93	1
18	94	1
18	106	1
18	108	1
19	20	1
19	26	1
19	29	1
19	42	1
19	43	1
19	44	1
19	49	1
19	52	1
19	55	1
19	60	1
19	65	1
19	66	1
19	67	1
19	74	1
19	98	1
19	99	1
20	21	1
20	26	1
20	43	1
20	49	1
20	55	1
20	59	1
20	67	1
20	68	1
20	74	1
20	76	1
20	81	1
21	22	1
22	31	1
22	41	1
22	70	1
22	78	1
22	79	1
22	101	1
23	40	1
23	48	1
23	74	1
24	32	1
24	33	1
24	36	1
24	47	1
24	72	1
24	84	1
24	95	1
25	27	1
25	33	1
25	41	1
25	49	1
25	53	1
25	60	1
25	63	1
25	66	1
25	70	1
25	73	1
25	75	1
25	79	1
25	81	1
25	86	1
25	111	1
26	49	1
26	53	1
26	54	1
26	55	1
26	65	1
26	66	1
26	74	1
26	84	1
26	96	1
27	33	1
27	41	1
27	49	1
27	55	1
27	56	1
27	58	1
27	59	1
27	60	1
27	61	1
27	63	1
27	64	1
27	65	1
27	67	1
27	68	1
27	69	1
27	70	1
27	71	1
27	73	1
27	75	1
27	78	1
27	79	1
27	81	1
27	83	1
27	85	1
27	86	1
27	87	1
27	88	1
27	89	1
27	90	1
27	91	1
27	93	1
27	94	1
27	99	1
27	108	1
27	109	1
27	110	1
27	111	1
28	29	1
28	51	1
28	59	1
28	60	1
28	62	1
28	76	1
28	77	1
28	87	1
28	88	1
28	95	1
28	96	1
29	37	1
29	76	1
29	77	1
29	78	1
29	96	1
30	31	1
30	39	1
30	78	1
30	79	1
31	32	1
31	47	1
31	50	1
31	58	1
31	67	1
31	68	1
31	78	1
31	79	1
31	80	1
31	90	1
31	92	1
31	94	1
32	47	1
32	50	1
32	72	1
32	80	1
32	89	1
32	90	1
32	95	1
33	41	1
33	44	1
33	51	1
33	53	1
33	55	1
33	57	1
33	58	1
33	59	1
33	60	1
33	61	1
33	63	1
33	64	1
33	65	1
33	66	1
33	67	1
33	68	1
33	69	1
33	70	1
33	71	1
33	75	1
33	78	1
33	81	1
33	87	1
33	90	1
33	91	1
33	94	1
33	97	1
33	98	1
33	99	1
33	103	1
34	37	1
34	50	1
34	86	1
34	102	1
34	103	1
34	104	1
34	112	1
35	36	1
35	63	1
35	83	1
35	96	1
35	102	1
35	104	1
36	47	1
36	72	1
36	80	1
36	84	1
36	95	1
37	50	1
37	53	1
37	54	1
37	64	1
37	68	1
37	78	1
37	86	1
37	96	1
37	102	1
37	103	1
39	53	1
39	54	1
39	64	1
39	78	1
40	48	1
40	71	1
40	88	1
41	42	1
41	44	1
41	49	1
41	58	1
41	60	1
41	61	1
41	63	1
41	64	1
41	65	1
41	66	1
41	69	1
41	70	1
41	71	1
41	73	1
41	75	1
41	77	1
41	78	1
41	79	1
41	81	1
41	88	1
41	91	1
41	98	1
41	99	1
41	103	1
41	109	1
42	43	1
42	44	1
42	45	1
42	46	1
42	51	1
42	60	1
42	63	1
42	64	1
42	70	1
42	71	1
42	79	1
42	87	1
42	88	1
42	89	1
42	93	1
42	94	1
42	96	1
42	98	1
42	99	1
42	102	1
43	44	1
43	50	1
43	67	1
43	80	1
43	84	1
43	92	1
44	45	1
44	46	1
44	49	1
44	50	1
44	51	1
44	52	1
44	60	1
44	61	1
44	64	1
44	69	1
44	70	1
44	71	1
44	79	1
44	84	1
44	87	1
44	89	1
44	92	1
44	93	1
44	98	1
44	99	1
44	103	1
45	46	1
45	51	1
45	53	1
45	62	1
45	63	1
45	87	1
45	89	1
45	90	1
45	93	1
45	97	1
45	98	1
45	100	1
45	101	1
45	102	1
45	103	1
45	109	1
46	50	1
46	51	1
46	53	1
46	57	1
46	58	1
46	60	1
46	62	1
46	63	1
46	79	1
46	87	1
46	88	1
46	89	1
46	90	1
46	92	1
46	93	1
46	94	1
46	100	1
46	101	1
46	102	1
46	109	1
47	72	1
47	79	1
47	80	1
47	84	1
47	95	1
48	77	1
48	96	1
49	51	1
49	52	1
49	59	1
49	60	1
49	61	1
49	63	1
49	64	1
49	65	1
49	66	1
49	67	1
49	69	1
49	70	1
49	73	1
49	74	1
49	75	1
49	76	1
49	79	1
49	80	1
49	81	1
49	87	1
49	98	1
49	99	1
50	53	1
50	54	1
50	55	1
50	57	1
50	58	1
50	60	1
50	61	1
50	63	1
50	64	1
50	65	1
50	66	1
50	67	1
50	68	1
50	69	1
50	71	1
50	74	1
50	81	1
50	86	1
50	87	1
50	89	1
50	90	1
50	91	1
50	92	1
50	93	1
50	94	1
50	106	1
50	107	1
50	108	1
50	109	1
50	110	1
51	52	1
51	53	1
51	55	1
51	56	1
51	58	1
51	59	1
51	60	1
51	61	1
51	62	1
51	63	1
51	64	1
51	65	1
51	68	1
51	69	1
51	76	1
51	83	1
51	87	1
51	88	1
51	89	1
51	90	1
51	91	1
51	92	1
51	100	1
51	101	1
51	106	1
52	60	1
52	64	1
52	66	1
52	68	1
52	69	1
52	70	1
52	84	1
53	54	1
53	61	1
53	62	1
53	63	1
53	85	1
53	89	1
53	92	1
53	103	1
53	109	1
53	110	1
53	111	1
54	63	1
54	74	1
54	85	1
54	89	1
54	92	1
54	103	1
54	109	1
54	110	1
54	111	1
55	57	1
55	58	1
55	59	1
55	60	1
55	61	1
55	63	1
55	64	1
55	65	1
55	66	1
55	67	1
55	68	1
55	69	1
55	70	1
55	71	1
55	73	1
55	74	1
55	75	1
55	78	1
55	81	1
55	83	1
55	86	1
55	87	1
55	88	1
55	89	1
55	90	1
55	91	1
55	92	1
55	93	1
55	94	1
55	106	1
55	107	1
55	108	1
56	59	1
56	60	1
56	61	1
56	62	1
56	69	1
56	75	1
56	83	1
56	85	1
56	89	1
56	110	1
56	111	1
57	58	1
57	59	1
57	61	1
57	65	1
57	66	1
57	67	1
57	68	1
57	69	1
57	71	1
57	86	1
57	87	1
57	90	1
57	91	1
57	92	1
57	93	1
57	94	1
57	96	1
58	59	1
58	60	1
58	61	1
58	63	1
58	64	1
58	65	1
58	66	1
58	67	1
58	68	1
58	69	1
58	70	1
58	71	1
58	73	1
58	75	1
58	78	1
58	81	1
58	83	1
58	86	1
58	87	1
58	88	1
58	90	1
58	91	1
58	92	1
58	93	1
58	94	1
58	106	1
58	108	1
58	109	1
59	60	1
59	61	1
59	62	1
59	63	1
59	64	1
59	65	1
59	66	1
59	67	1
59	68	1
59	69	1
59	70	1
59	71	1
59	73	1
59	76	1
59	78	1
59	81	1
59	83	1
59	86	1
59	87	1
59	90	1
59	91	1
59	93	1
59	94	1
59	97	1
59	98	1
59	99	1
59	106	1
59	108	1
59	110	1
60	61	1
60	62	1
60	63	1
60	64	1
60	65	1
60	66	1
60	67	1
60	68	1
60	69	1
60	70	1
60	71	1
60	73	1
60	75	1
60	76	1
60	78	1
60	79	1
60	81	1
60	83	1
60	86	1
60	87	1
60	88	1
60	90	1
60	91	1
60	93	1
60	94	1
60	98	1
60	99	1
60	105	1
60	106	1
60	108	1
60	110	1
61	63	1
61	64	1
61	65	1
61	66	1
61	67	1
61	68	1
61	69	1
61	70	1
61	71	1
61	73	1
61	75	1
61	78	1
61	79	1
61	81	1
61	83	1
61	86	1
61	87	1
61	88	1
61	90	1
61	91	1
61	92	1
61	93	1
61	94	1
61	105	1
61	106	1
61	108	1
62	63	1
62	83	1
62	85	1
62	87	1
62	89	1
62	103	1
62	106	1
62	110	1
63	64	1
63	65	1
63	67	1
63	68	1
63	69	1
63	70	1
63	71	1
63	73	1
63	75	1
63	78	1
63	79	1
63	81	1
63	82	1
63	83	1
63	86	1
63	87	1
63	88	1
63	90	1
63	91	1
63	92	1
63	93	1
63	94	1
63	108	1
63	110	1
64	65	1
64	66	1
64	67	1
64	68	1
64	69	1
64	70	1
64	71	1
64	73	1
64	75	1
64	78	1
64	79	1
64	81	1
64	83	1
64	84	1
64	86	1
64	87	1
64	88	1
64	90	1
64	91	1
64	93	1
64	94	1
64	96	1
64	99	1
64	105	1
64	106	1
64	108	1
64	110	1
65	66	1
65	67	1
65	68	1
65	69	1
65	70	1
65	71	1
65	72	1
65	73	1
65	74	1
65	75	1
65	78	1
65	81	1
65	83	1
65	86	1
65	87	1
65	88	1
65	90	1
65	91	1
65	92	1
65	93	1
65	94	1
65	95	1
65	106	1
65	108	1
65	110	1
66	67	1
66	68	1
66	69	1
66	70	1
66	71	1
66	73	1
66	74	1
66	78	1
66	84	1
66	87	1
66	90	1
66	91	1
66	92	1
66	93	1
66	94	1
66	98	1
66	106	1
66	108	1
66	110	1
67	68	1
67	69	1
67	70	1
67	71	1
67	75	1
67	78	1
67	79	1
67	81	1
67	83	1
67	87	1
67	88	1
67	90	1
67	91	1
67	92	1
67	93	1
67	94	1
67	106	1
67	107	1
67	108	1
68	69	1
68	70	1
68	71	1
68	75	1
68	78	1
68	81	1
68	83	1
68	87	1
68	88	1
68	90	1
68	91	1
68	92	1
68	93	1
68	94	1
68	106	1
68	107	1
68	108	1
69	70	1
69	71	1
69	78	1
69	79	1
69	81	1
69	83	1
69	86	1
69	87	1
69	88	1
69	90	1
69	91	1
69	93	1
69	94	1
69	105	1
69	106	1
69	108	1
70	71	1
70	73	1
70	75	1
70	78	1
70	79	1
70	80	1
70	81	1
70	83	1
70	87	1
70	88	1
70	90	1
70	91	1
70	93	1
70	94	1
70	98	1
70	99	1
70	108	1
71	73	1
71	75	1
71	78	1
71	81	1
71	82	1
71	83	1
71	86	1
71	87	1
71	88	1
71	90	1
71	91	1
71	93	1
71	94	1
71	102	1
71	105	1
71	106	1
71	108	1
71	109	1
72	80	1
72	84	1
72	95	1
73	75	1
73	78	1
73	79	1
73	81	1
73	86	1
73	87	1
73	90	1
73	91	1
73	93	1
73	94	1
73	98	1
73	99	1
73	109	1
73	111	1
74	81	1
74	89	1
74	90	1
74	91	1
74	96	1
75	78	1
75	79	1
75	81	1
75	85	1
75	86	1
75	87	1
75	88	1
75	89	1
75	90	1
75	91	1
75	93	1
75	94	1
75	98	1
75	99	1
75	103	1
75	109	1
75	111	1
76	77	1
76	87	1
76	96	1
77	92	1
77	96	1
77	103	1
78	79	1
78	81	1
78	87	1
78	88	1
78	90	1
78	91	1
78	93	1
78	94	1
78	108	1
79	80	1
79	81	1
79	88	1
79	99	1
79	100	1
80	84	1
80	95	1
80	98	1
80	99	1
81	83	1
81	86	1
81	87	1
81	89	1
81	90	1
81	91	1
81	93	1
81	94	1
81	106	1
81	108	1
82	83	1
82	85	1
82	86	1
82	88	1
82	102	1
82	104	1
82	108	1
82	110	1
82	112	1
83	85	1
83	86	1
83	87	1
83	88	1
83	90	1
83	91	1
83	93	1
83	94	1
83	106	1
83	108	1
83	110	1
84	95	1
85	86	1
85	89	1
85	103	1
85	105	1
85	110	1
85	111	1
85	112	1
86	87	1
86	90	1
86	91	1
86	93	1
86	94	1
86	108	1
86	110	1
87	88	1
87	89	1
87	90	1
87	91	1
87	92	1
87	93	1
87	94	1
87	99	1
87	106	1
87	108	1
88	90	1
88	91	1
88	92	1
88	96	1
89	90	1
89	91	1
89	92	1
89	93	1
89	103	1
89	109	1
89	110	1
89	111	1
90	91	1
90	92	1
90	93	1
90	94	1
90	106	1
90	108	1
90	109	1
91	92	1
91	93	1
91	94	1
91	96	1
91	106	1
91	108	1
91	109	1
91	110	1
92	93	1
92	94	1
92	106	1
92	108	1
92	109	1
92	110	1
93	94	1
93	106	1
93	108	1
93	109	1
93	110	1
94	106	1
94	108	1
94	109	1
97	100	1
97	101	1
97	105	1
98	99	1
98	103	1
99	103	1
99	107	1
100	105	1
100	106	1
100	108	1
101	109	1
102	103	1
103	110	1
103	111	1
104	112	1
105	108	1
106	107	1
106	108	1
106	110	1
108	110	1
109	110	1
110	111	1
110	112	1
